242,467
157,314
254,489
109,228
122,251
15,59
105,221
48,118
147,296
133,271
16,60
51,123
42,107
157,314
112,233
256,492
220,428
203,397
260,500
226,438
177,350
81,177
123,253
138,280
49,120
294,561
100,212
124,255
212,413
89,192
177,350
169,336
276,528
5,41
22,71
226,438
210,410
273,523
103,217
70,158
226,438
101,213
254,489
15,59
98,208
223,433
259,498
52,125
12,53
184,363
214,417
161,321
95,203
125,257
236,456
167,332
18,64
197,386
245,473
4,39
254,489
201,393
187,368
162,323
198,388
81,177
39,102
33,91
53,127
2,35
169,336
155,311
192,377
270,518
28,82
296,564
138,280
120,248
8,46
59,138
86,186
212,413
93,199
203,397
244,471
169,336
185,365
260,500
76,168
26,78
207,404
116,240
161,321
37,98
250,482
238,460
214,417
109,228
104,219
